2019年4月21日  20:49:55
"SA" 50 0.9 32 500 52.78 43 33.97 
"SA" 150 0.9 32 500 52.18 43 41.39 
"SA" 250 0.9 32 500 52.10 42 45.62 
"SA" 350 0.9 32 500 51.89 41 48.17 
"SA" 450 0.9 32 500 52.12 41 50.00 
"SA" 550 0.9 32 500 51.94 44 51.61 
"SA" 650 0.9 32 500 51.87 41 53.40 
"SA" 750 0.9 32 500 51.64 41 54.50 
"SA" 850 0.9 32 500 51.72 43 55.99 
"SA" 950 0.9 32 500 51.67 43 56.80 
"SA" 1050 0.9 32 500 51.40 43 58.96 
"SA" 1150 0.9 32 500 51.55 43 57.68 
"SA" 1250 0.9 32 500 51.37 42 58.48 
"SA" 1350 0.9 32 500 51.55 41 59.36 
"SA" 1450 0.9 32 500 51.49 42 60.22 
"SA" 1550 0.9 32 500 51.37 43 60.25 
"SA" 1650 0.9 32 500 51.56 43 61.03 
"SA" 1750 0.9 32 500 51.26 43 61.24 
"SA" 1850 0.9 32 500 51.58 41 67.73 
"SA" 1950 0.9 32 500 51.49 43 62.28 
"SA" 2050 0.9 32 500 51.47 44 63.25 
"SA" 2150 0.9 32 500 51.49 41 63.50 
"SA" 2250 0.9 32 500 51.40 43 64.08 
"SA" 2350 0.9 32 500 51.34 42 63.69 
"SA" 2450 0.9 32 500 51.29 44 65.51 
"SA" 2550 0.9 32 500 51.46 41 65.21 
"SA" 2650 0.9 32 500 51.34 42 65.22 
"SA" 2750 0.9 32 500 51.48 43 66.62 
"SA" 2850 0.9 32 500 51.27 43 65.78 
"SA" 2950 0.9 32 500 51.56 40 65.56 
"SA" 3050 0.9 32 500 51.21 43 66.68 
"SA" 3150 0.9 32 500 51.25 43 66.78 
"SA" 3250 0.9 32 500 51.25 43 66.59 
"SA" 3350 0.9 32 500 51.34 43 67.74 
"SA" 3450 0.9 32 500 51.53 43 69.05 
"SA" 3550 0.9 32 500 51.16 43 67.45 
"SA" 3650 0.9 32 500 51.14 43 67.40 
"SA" 3750 0.9 32 500 51.22 42 68.72 
"SA" 3850 0.9 32 500 51.16 43 68.90 
"SA" 3950 0.9 32 500 51.35 43 68.61 
"SA" 4050 0.9 32 500 51.27 43 71.32 
"SA" 4150 0.9 32 500 51.31 43 70.78 
"SA" 4250 0.9 32 500 51.12 43 69.75 
"SA" 4350 0.9 32 500 51.29 43 69.63 
"SA" 4450 0.9 32 500 51.31 43 69.83 
"SA" 4550 0.9 32 500 51.14 42 69.78 
"SA" 4650 0.9 32 500 51.42 44 70.49 
"SA" 4750 0.9 32 500 51.30 43 70.78 
"SA" 4850 0.9 32 500 51.17 41 70.32 
"SA" 4950 0.9 32 500 51.22 41 75.30 
