2019年4月21日  22:23:12
"SA" 200 0.9 2 500 56.99 44 2.98 
"SA" 200 0.9 6 500 55.67 46 6.97 
"SA" 200 0.9 10 500 55.06 46 10.45 
"SA" 200 0.9 14 500 54.02 45 13.82 
"SA" 200 0.9 18 500 53.40 44 17.42 
"SA" 200 0.9 22 500 53.04 44 21.15 
"SA" 200 0.9 26 500 52.33 44 24.75 
"SA" 200 0.9 30 500 52.19 42 28.50 
"SA" 200 0.9 34 500 51.91 42 32.04 
"SA" 200 0.9 38 500 51.65 43 35.81 
"SA" 200 0.9 42 500 51.62 43 39.32 
"SA" 200 0.9 46 500 51.47 42 43.07 
"SA" 200 0.9 50 500 51.21 42 46.78 
"SA" 200 0.9 54 500 51.09 41 50.47 
"SA" 200 0.9 58 500 50.98 43 56.26 
"SA" 200 0.9 62 500 50.76 43 57.96 
"SA" 200 0.9 66 500 50.42 43 63.87 
"SA" 200 0.9 70 500 50.53 42 65.47 
"SA" 200 0.9 74 500 50.33 43 68.86 
"SA" 200 0.9 78 500 50.29 43 72.79 
"SA" 200 0.9 82 500 50.23 42 77.79 
"SA" 200 0.9 86 500 50.08 44 80.91 
"SA" 200 0.9 90 500 49.91 42 84.03 
