2019/7/17 22:25:53,1,223,143,233,22,234,155,153,150,42,33,25,24,224,164,214,352,213,342,212,332,222,312,111,311,11,312,232,313,242,314,115,313,252,312,253,311,254,321,255,331,256,330,266,End
2019/7/22 12:36:30,1,223,14,233,154,243,152,242,352,241,351,261,End
2019/7/22 12:44:44,2,213,353,223,162,233,164,243,333,133,160,33,45,234,25,243,131,253,14,252,122,241,151,343,251,353,250,352,240,351,230,350,220,340,210,330,200,320,201,310,202,300,End
2019/8/7 11:51:16,2,213,353,223,163,233,161,243,165,43,150,233,142,232,22,222,121,223,31,213,354,211,212,344,211,334,210,324,220,314,221,304,End
2019/8/7 12:05:45,2,212,213,163,223,362,233,161,132,361,51,362,155,363,153,33,233,224,234,12,224,150,223,42,222,111,212,31,213,364,134,365,26,355,203,354,202,353,201,352,200,342,210,332,211,331,221,320,231,310,232,300,End
2019/8/7 13:23:04,2,213,162,223,154,42,164,223,233,160,232,36,233,44,234,16,224,364,214,365,204,5,214,366,224,356,225,346,215,336,205,326,206,316,226,306,End
2019/8/10 10:06:32,2,213,163,223,161,233,155,33,44,13,165,234,362,41,21,233,113,243,361,253,360,252,350,251,340,110,330,241,320,231,310,221,311,210,312,220,302,End
2019/8/11 9:57:47,1,213,163,223,151,123,161,125,155,121,44,1,132,56,55,24,362,222,361,221,360,220,350,230,340,250,330,260,End
2019/8/11 9:59:28,1,213,163,223,151,123,161,125,155,3,44,23,144,24,31,233,362,141,361,243,360,253,350,252,340,251,330,250,320,260,End
2019/8/11 12:43:46,2,223,164,123,352,233,160,3,26,155,44,23,144,141,351,41,352,234,353,224,343,225,333,215,334,216,335,226,325,236,315,246,305,End
2019/8/11 12:46:27,2,111,164,11,354,115,353,223,352,233,160,133,25,131,46,33,34,151,351,243,350,253,340,254,330,255,320,245,310,235,26,225,300,End
2019/8/11 13:49:41,1,223,115,3,14,121,132,21,164,222,111,221,15,231,352,241,16,251,350,261,End
2019/8/11 13:50:37,2,223,164,233,160,243,44,233,24,13,123,232,352,222,342,212,332,202,322,203,312,204,302,End
2019/8/11 13:52:13,2,223,164,233,160,243,44,152,24,111,352,233,351,140,341,13,342,22,332,223,322,121,332,213,333,214,323,224,313,234,314,244,315,254,305,End
2019/8/11 13:57:34,2,223,164,233,160,131,343,133,334,135,332,243,331,253,330,120,320,254,321,255,46,245,144,33,322,244,312,243,302,End
2019/8/11 14:06:47,2,223,164,3,160,233,352,243,45,153,143,151,351,242,141,241,350,240,330,231,321,121,320,110,310,2,320,232,321,233,24,223,322,213,323,214,313,215,314,225,135,224,315,234,305,End
2019/8/12 17:38:43,1,44,144,152,352,150,351,13,361,33,362,214,363,215,364,216,155,226,354,236,344,246,345,244,346,254,336,264,End
2019/8/12 17:41:12,2,44,144,142,160,130,343,13,342,132,341,214,331,224,332,234,36,235,16,225,124,224,165,223,333,213,334,214,324,215,323,205,313,206,314,216,315,226,305,End
2019/8/12 17:44:41,1,43,343,143,344,145,354,223,23,24,364,213,363,212,362,222,361,232,351,231,150,131,352,232,342,252,341,251,340,261,End
2019/8/12 17:48:32,2,13,123,115,352,151,134,214,155,215,164,43,351,51,361,225,362,226,35,236,363,226,364,225,365,224,366,223,356,233,355,243,354,253,343,254,56,255,333,254,332,253,322,243,312,233,302,End
2019/8/12 17:51:00,1,13,123,115,343,33,353,152,352,42,134,164,353,214,354,215,355,46,16,225,345,224,335,223,24,233,336,243,346,244,356,245,366,235,365,236,364,246,363,256,362,266,End
2019/8/13 14:08:10,2,223,154,233,152,243,150,242,354,243,355,244,35,234,26,224,15,214,356,213,346,212,336,202,326,6,316,203,306,End
2019/8/13 14:13:06,2,223,154,233,152,243,150,233,34,223,14,213,145,212,354,202,355,203,356,204,346,205,345,215,344,225,334,124,135,224,325,6,326,234,316,244,306,End
2019/8/13 14:18:07,2,223,154,233,152,243,150,244,35,234,26,224,15,214,354,213,355,212,356,202,346,203,336,204,326,205,316,215,306,End
